Validity: 1.60000 % | Diversity: 0.40000 % | Reconstruction: 65.34857 %
Validity: 2.50000 % | Diversity: 0.60000 % | Reconstruction: 65.71238 %
